[[10], []]
[[[]], 5, [10, 8, 8, [0, 2, 2, 3]], [[2, 0, 8, 9, 6], [10, 3, 4, 5], [3, 6, 1, 2, 2], [7, 3, 5, 7]], [[6, 6, 1], [9], 0]] }
entry: Entry { index: 2, left: [[[8, 5, [1, 1, 4], 8, [3, 1, 3, 8]], 0, [9, [4, 6, 6, 7], [3], 0, 9], [5, [8, 4, 8], 0, []], 5]], right: [[8, [10, [6, 10, 8, 10, 10], 10], 5]] }
entry: Entry { index: 3, left: [[7, 9, 8], [[9]], [2, 3, 7, 3, 6], [6, 5, 3], [[]], [[0], 1, 5], 4], right: [[]] }
entry: Entry { index: 4, left: [[[]], [[10, 1, 8, 8, 2], 1]], right: [[1, [6, [10, 8, 1], [0]], [5, [8, 4, 2]]], [9, 6, [[6, 8], [0, 0, 1, 2], [3, 8, 1, 9, 4], 10, [10, 9, 1, 6]], [[9, 2, 1, 5]], 4], []] }
entry: Entry { index: 5, left: [[0, 0, 1, 2]], right: [[9, [[4, 7, 1, 7], 9, [7, 0, 3]], 8], [6, 0, 5, 6], [[[]], []], [2, 3], [2], 4] }
entry: Entry { index: 6, left: [[[9], [4, 8, [7, 0], 8, [3, 6, 3, 2]], [0, [4, 4, 9, 1, 4], 8, 3, 10], []]], right: [[1, [7, []]], 7, [8, [7, 0, 4, 4], 3, 8], 10] }
entry: Entry { index: 7, left: [[2, [5], 7, 5, 7], [1, [0, 7, [3, 7]], [0, 10]], [10], []], right: [[9]] }
entry: Entry { index: 8, left: [[3]], right: [[[[9], [6, 6]]], [4], [[7]]] }
entry: Entry { index: 9, left: [[[]]], right: [[[[10, 4, 10, 2, 0], 4, [10], [6, 9, 7], [7, 3, 3, 5, 3]], 7], [4, [[4, 2, 8], [9], 9], [[10], 3, []]]] }
entry: Entry { index: 10, left: [[[3, [2, 5, 7, 3, 3], [0, 10, 9, 2], 8, 4]]], right: [[[1, [9]]], [[10, 2, 8, 3], 8, 8, [[]], [4, 5, 5], 4, [0, 9]]] }
entry: Entry { index: 11, left: [[[[1, 9, 9, 2], [9, 1, 10, 6, 7]], [[5, 0], [3, 1, 0, 4, 2], 4]], [[[]]], 1, [[2, 6, 2, 2, 8], [5], 10], 4], right: [[]] }
entry: Entry { index: 12, left: [[[[1, 6, 0, 2]]]], right: [[[[9, 7, 9], []], 3, [4, 8, 1], 9], [[3, 0], [9], 9, 10, []]] }
entry: Entry { index: 13, left: [[]], right: [[6, 1], [9, 4], [[7], [[5, 9, 2], 10, [5, 6, 10, 8]], []]] }
entry: Entry { index: 14, left: [[[10], 1, [[6], [9, 6, 8], 8, 2, 10], [1, [5], 6]], []], right: [[[3], [2], 0, [[5, 0, 8], []], 0, [6, 6, 7, 2, 4]], 4] }
entry: Entry { index: 15, left: [[[0], 7, []]], right: [[[]], [10, [6, 3], [1, 8, 1]]] }
entry: Entry { index: 16, left: [[[1, 3], 1, 9, 3]], right: [[1, 2], [[[7, 10, 4], [9, 3, 9], 7, [6, 0]], 10, [6, [5, 10, 5], 8, 9]], [[[]], [6, 5, 3, 8], [4, 2, 9, 8]], [1, 8, [7]], []] }
entry: Entry { index: 17, left: [[4], [[[]], [4, 8], 8]], right: [[[[8, 7], 6, [7], 9], 7]] }
entry: Entry { index: 18, left: [[[]], [[7, 8, 2]], 0, 9, 7], right: [[9, 6, [[4, 10, 0, 6], 5]], [7]] }
entry: Entry { index: 19, left: [[1, [[9, 9], 4, 10, [10, 7]], 7, [1, 1]], [[1, [4], [0, 8, 6, 8, 4], 4], []], [[7, 8, 9, 9], [0, 2, 7], [0, 9, 10, 9, 5]], 1], right: [[5, []], 3, [[1, 3], 0, [9, 0, 7, 7], [1], 6]] }
entry: Entry { index: 20, left: [9, 5, 9, 0, 2], right: [9, 5, 9, 0] }
entry: Entry { index: 21, left: [[]], right: [[]] }
entry: Entry { index: 22, left: [[2, []], 8, [9, [10, 5], [9], 1]], right: [[9, [[0, 1], 4, 8, [6, 5]], 9, 6]] }
entry: Entry { index: 23, left: [[7, [1, [7, 8, 5, 10], 5, [9, 0, 10, 9, 4]], [9], 6], [[[9]], 5, 2], []], right: [[[9, [8, 7, 7, 4], [10, 4, 9], [1, 8, 6, 8], 6], 10, []]] }
entry: Entry { index: 24, left: [[3], [7, 10], [10, [3, 4, []]], [9, 7, [0, 0, 9]], [9, [0, 9, 10], 10], 6], right: [[]] }
entry: Entry { index: 25, left: [[[[4, 4, 2]]], [[[8, 4], [5, 9, 2, 0], [5, 3, 6, 6], [1, 10, 2, 3]], 4, 8, 7, []]], right: [[7, [[2, 9, 3, 1, 2], 9, 5, 4, 1]], [9, 6, [8, [4, 2, 0, 7], []]], 5] }
entry: Entry { index: 26, left: [[8, 6, [[10], 4, [2, 10, 6, 5], 1, 8]], []], right: [[]] }
entry: Entry { index: 27, left: [[0, [2, 9]], [7], [5, [9, 4, 5, [6, 10], 4], [[]], 4, [10, 6, 5, 5]]], right: [[]] }
entry: Entry { index: 28, left: [[5, [[1, 5, 10, 2], 5, 2, [1, 2, 6, 8, 1], 5], [1], [3, 6], [10, 9]]], right: [[[7, 0, 10, 4, 5], 5], [[[]], [9, 0, 7, 3, 1], 6, 5]] }
entry: Entry { index: 29, left: [[[2, [9, 10, 9], 4], 7, 1, 7], [8, [4, [1, 0], 0, [0], [4, 8, 5, 2, 8]], [[1, 5, 8, 6, 2], 5, [8], 4]], [[4, [2], 0, [0, 4, 9, 9, 0]], [[10, 0], [7, 6, 8, 4], 10], []]], right: [[0, 3, 4, [9, 10], 10], [[3, 4, [7, 3], 9, [8, 6, 10, 4]]], [9, [0, [2, 3], 6, 1, 9], [[2], [10, 2, 5, 10]]], [8, 9]] }
entry: Entry { index: 30, left: [[]], right: [[[4, [5, 8, 8, 5, 5]], [6, 3], [[]], [3, 2, 5, 10], [2, 6, 6]], [[]], [8, 3, 0], [4, 1]] }
entry: Entry { index: 31, left: [[9], [[2, [8, 2, 8, 5], 1, []], 10], [[3, 6]], [[0, 6, 1, 9], 4], [[6, 9], 10, 7, 1, 4], [[3, 9, 10, 0, 0]]], right: [[]] }
entry: Entry { index: 32, left: [[5, [[8, 7, 6], 7, [2, 5]], 6]], right: [[[10, 9, [9, 0, 3]], [[5, 7, 8, 1, 10], [5, 3, 8, 7], 0, [3, 9, 6, 10, 5], 0], [[4, 2, 4, 2, 10], 10, 4], []], 8] }
entry: Entry { index: 33, left: [[]], right: [[[8, 6, [10, 5, 8, 7, 8]], [[9, 4, 3, 2]], []], 2] }
entry: Entry { index: 34, left: [[10], [[[3, 3]], [10, 0, [4, 2, 10, 4, 8], [8, 1]], 6, []], 8], right: [[9, [8, [6]], 5, [[9, 3, 8, 4, 8]], [9, [0, 8]]], []] }
entry: Entry { index: 35, left: [[]], right: [[[]], [5], 9, [[]], [1, 1], 6, 10, []] }
entry: Entry { index: 36, left: [[]], right: [[[7, 1]], [[1, [5, 0, 0], 5], 2], []] }
entry: Entry { index: 37, left: [[9, []], [0, [7, 5, 7], [10, 5, 8, 10, 7], 8, [8]], 2], right: [[6, [10, []], 7, [4, 0, 0]]] }
entry: Entry { index: 38, left: [[[9, 4, [2, 1, 10, 7], [4, 6, 9], 8], 9, 3, 9, [0]], [9, 9, 5, 1, [[7, 10, 2, 7], [4, 3, 3]]]], right: [[5, [8], 4, [5, 5], [[8, 9], [2, 10, 6, 6, 5], 1]], []] }
entry: Entry { index: 39, left: [[]], right: [[8, 0, 7, 6, 10], []] }
entry: Entry { index: 40, left: [[2, 8], [[[5, 10, 3], []], 1, 0, 1], 2], right: [[[[6, 10], 1, [6, 3]], [7, 4, 0, [7, 3, 10, 8]], [[5, 2], [5], 2, [0, 4, 10, 1, 8], [3, 3, 8, 3, 0]], [2, 4, 0, [10, 6, 6, 4, 2], [4, 4, 2, 0]], []]] }
entry: Entry { index: 41, left: [[[]], 2], right: [[[9]], [[[1], 6, 6, [2, 1]], 5], []] }
entry: Entry { index: 42, left: [[]], right: [[[[7, 2, 3, 6, 2], 2, [6, 9, 3, 10, 7], 10, [0, 6]], []], [[]], [1, 4, 6, 6, 9], [4, 1, 7, 9], 8] }
entry: Entry { index: 43, left: [[]], right: [[5, [6, [0, 0, 3, 0]], 2], [5], [4]] }
entry: Entry { index: 44, left: [[10]], right: [[[[6, 3], [8, 3, 5, 1], [10, 4, 5], []], 8], 2, 0] }
entry: Entry { index: 45, left: [[]], right: [[1, [[]], 8, [2, 5, 0, 10, 9]], [6], []] }
entry: Entry { index: 46, left: [[2, [[2, 10, 8, 8, 9]], 5, []], 6], right: [[2, 3, [[]], 2], [[3, 6, 4]], [[9, 4, 10, 6], [9, 5], [10, 6, 2, 1], 3, 2]] }
entry: Entry { index: 47, left: [[[[8, 0, 1, 2], 0], 1]], right: [[[7, 2, []], 7, [7, 7, 1]], [8, [9, 0, 1, 6], 3, [9]]] }
entry: Entry { index: 48, left: [[6, [[]]]], right: [[[[2, 7, 3, 4, 8], 4, 4]], [7, 5], [[5, 2]]] }
entry: Entry { index: 49, left: [[4], [[]], 4], right: [[3, [7, [2], 9, [0, 4, 3, 0, 7], 10], 7], [3, []], 9] }
entry: Entry { index: 50, left: [[7]], right: [[[[]]]] }
entry: Entry { index: 51, left: [[[4, 5, 3, [1, 0], 1], [[10, 10, 7], 3, 7, [5, 10, 10, 0], 3]], [2, []], 0, 10, [[5, 3, 0, 4]]], right: [[9, [[3, 9, 2, 1, 5], [5, 9], 5, 3, []]]] }
entry: Entry { index: 52, left: [[[10], [[2, 5], []], [9]], 7, 0, [0]], right: [[3], [[8, [5, 3, 0]], 6]] }
entry: Entry { index: 53, left: [[]], right: [[[[3, 7, 1, 2, 2], [4], 7, [7, 1, 6, 0], [0, 5, 10]], [9, [7, 8, 8, 6]]], [[[1, 1], [1, 10, 8, 0, 9], 1, [9, 5, 7, 1], [0, 0]], 4, [[4], [4, 4, 2, 7, 6], [3, 0, 8], 5]], [[[3, 1, 10], 5, 10, [3]]], []] }
entry: Entry { index: 54, left: [[[[5], [3, 5, 9]], [[10, 1, 5, 3], [7, 6], [2, 3], [10]], [8, []]], [7], 2], right: [[8], [[[3], 7, []]]] }
entry: Entry { index: 55, left: [[[[10, 2, 10, 8, 6]], 7, []], 5, 0], right: [[]] }
entry: Entry { index: 56, left: [[3, 8, [0, 0, [7], [0, 2, 8, 10, 10]], 2, [2, 7, [5, 2, 9, 10], 9]], []], right: [[6, [0, [10, 0, 6, 1], 3, [3, 7, 1, 7, 7], 6]], [1, 2]] }
entry: Entry { index: 57, left: [[]], right: [[4, [3], 2], [[1], [[9, 0], [7, 4, 7, 5], 3, 0], 6, 3], [[9, [3], [4]], [10, 2, [9, 1, 8, 7], 4, 10], 9, []], [0]] }
entry: Entry { index: 58, left: [[[9, [9, 0, 8]]]], right: [[[[3], 5, [0, 0, 8], 3]], []] }
entry: Entry { index: 59, left: [[[[]], []], []], right: [[9, [[3, 7, 8, 6], 6, []], 6]] }
entry: Entry { index: 60, left: [[[[10, 5, 9, 1]], [0, []]], [8, [4, 9], 9], 8], right: [[10, [[0, 6, 5, 3, 7], []], [8, 2]], [5], 6, 4] }
entry: Entry { index: 61, left: [[7, [[5, 8], []]], [3, 3, [9, 0, 7, 0, 5], 8, [3, 9, 7, 2, 6]]], right: [[]] }
entry: Entry { index: 62, left: [[]], right: [[[[0, 0, 0], 1], [[5, 5, 2, 6]], []], 9, [2, [8, 5, 10, 2, 10], 7, 3, 1]] }
entry: Entry { index: 63, left: [[2, [2, [8, 4, 9, 4, 2], [3, 6, 7]], 5, 5], [7, [7, [2, 5], 9], [[]], [1]], [[10, 4, 4, 6], [7, 0], 5, []]], right: [[]] }
entry: Entry { index: 64, left: [[3, []]], right: [[[[7, 7, 5, 2, 3]], 5], [9, 4, [[7, 0, 5, 3], 1, [3, 5, 10], 3, 5], [[3, 9, 9, 8, 0]]], [9, 8], [[[4, 6, 9], [2]], [8, 0, []], 3, [2, 9]], 1, 5, []] }
entry: Entry { index: 65, left: [[5, [[]], 7]], right: [[4, 2, 3, [8, 7], 10]] }
entry: Entry { index: 66, left: [[8, 6, []], 4, 2], right: [[[1, [2], [7, 2, 9, 9], 10], [1, 0, [0, 2, 0, 5, 4], []], []]] }
entry: Entry { index: 67, left: [[4, []]], right: [[]] }
entry: Entry { index: 68, left: [[[5, 9, 10, [5, 8, 2, 5, 6]], [9, [5, 2, 1, 8, 10], 9]]], right: [[[]], 4] }
entry: Entry { index: 69, left: [[[7, 3, 8], [6, [9, 0], [8, 2, 1], 10], 3, 4], [2], [1, [9, [5, 9, 8, 10]], 4], []], right: [[[]]] }
entry: Entry { index: 70, left: [[0]], right: [[[1, [7, 8, 3, 10, 7], []], 3]] }
entry: Entry { index: 71, left: [[2, []], [[1, 9, 1, 2], 8]], right: [[[[5, 4, 0], [10, 6], [4, 9], [2, 2, 10]]]] }
entry: Entry { index: 72, left: [[0, 8]], right: [[0, 3, [[]]]] }
entry: Entry { index: 73, left: [[[[]], 10], [[6, 3]], [0], 1, 10], right: [[9, 6, [[2, 5, 8, 1], [1, 6, 6, 2, 2], 9]], [[[3, 4], 4, [7, 8]], 6, 6, 2], []] }
entry: Entry { index: 74, left: [[]], right: [[6, [2, 9]], [[]], [5, 2, [2, 0, 4, 6], [10, 5, 8, 8]], [[2, 6]]] }
entry: Entry { index: 75, left: [[1, 0, [7, [0, 7, 6], [0, 2, 4, 5], [7, 3, 2, 4, 7]]], []], right: [[[[8, 7], 8]], [[3, 8, [2, 2], 5, []]], [7, [2, 10], [9, 3, 9], [3], 8], 3] }
entry: Entry { index: 76, left: [[5, 0], [[]]], right: [[4], []] }
entry: Entry { index: 77, left: [[1, [[2], [10, 4]], [6, [8, 9, 5, 5, 2]], [[2, 5, 0], [5], 1], 5], [[[10, 9, 9, 4], [0, 8, 2, 5], 10], []], [9]], right: [[[[]]], 5] }
entry: Entry { index: 78, left: [[1, [0, []], []], [4, 1, 1, 10]], right: [[[[10, 3, 10], [5], 5, 1], []]] }
entry: Entry { index: 79, left: [[9, [[0, 4, 1, 6]], 10], []], right: [[[[8, 0, 7], 2, [5], 1], 7, 9]] }
entry: Entry { index: 80, left: [[[[8, 7, 4, 10, 0], 5], 1, [[8, 0, 9, 4, 4]], 2], [[0, 5, 10], []]], right: [[2, [0, [7, 10, 1]]], [[[]], 2, [5, 8, 5]]] }
entry: Entry { index: 81, left: [[4, 2, 2], []], right: [[]] }
entry: Entry { index: 82, left: [[8, [[9, 1, 7, 0], [4, 10, 0], 1, 3, []]], 6, [3, [5, 9], 7, 7]], right: [[0, [9], 1]] }
entry: Entry { index: 83, left: [[[3], []], []], right: [[]] }
entry: Entry { index: 84, left: [[[]], []], right: [[9, [[]], [5, 6], [8, 2, 1, 3, 6], 4, 6], [[6, 4, 2, 8], []], 2] }
entry: Entry { index: 85, left: [[3, [[3, 1, 5, 6, 7], 3, 0]], []], right: [[[]], 5, 3, 7] }
entry: Entry { index: 86, left: [[[[9], 6, []], 4], [4, []]], right: [[6, 3], [[[8, 9], 0, 0, []], 7], [[2], [5], 10, [3, 9]], [2, 4, 9, [9, 1, 6, 3]], [[8, 9], 5], 7] }
entry: Entry { index: 87, left: [[]], right: [[[]]] }
entry: Entry { index: 88, left: [[4, []], 10, [[4], 9, [0, 7, 10], 3]], right: [[[]], [10, 0, []]] }
entry: Entry { index: 89, left: [[[[]], 8], 1], right: [[[[]]]] }
entry: Entry { index: 90, left: [[6, 4, 3, 0], [5, 3, [[6, 9, 0, 2], [4, 9, 7]]], [7, 7, 7], []], right: [[9, 3, [5], [[5, 9, 10, 7]]], []] }
entry: Entry { index: 91, left: [[]], right: [[[[7, 0]], [[3, 1], 2, [2, 0, 0], []]], 10, 9, []] }
entry: Entry { index: 92, left: [[2, 9, []]], right: [[1, 10], [9, [8], 9, [5, 9], [[2, 7, 4, 5, 10], 2, [10, 4]]]] }
entry: Entry { index: 93, left: [[[0, 4, []], [7, 0, 4, 0, 8]], [[]], 8], right: [[[]], 8, []] }
entry: Entry { index: 94, left: [[[6, 4], [[8, 8, 8], [7], [1, 6, 10, 1]], [[1], [0, 5, 4, 8, 6], [3, 5, 7], 3], 3, [[]], []], [6]], right: [[9, [7, 10, [2, 10, 3, 4, 2]], [7, 7, 10], [4], [7]], []] }
entry: Entry { index: 95, left: [1, 4, 7, 7], right: [1, 4, 7, 7, 4] }
entry: Entry { index: 96, left: [[[7, [5, 10], [0, 1]], [9, 1, [2], 4, [8, 7]]]], right: [[[]], 2, [[]], [3, 2], [8, 8, 9, 2, 0], [7, 1, 6, 9, 3]] }
entry: Entry { index: 97, left: [[[[10, 5], 4], [[4, 3, 8, 0]], 8], [[0, 6, 6, [4, 2], [5]], [3, [2, 6]], 7], [1], [[[3], 6, 6, 0], [[5], []], []]], right: [[[[1, 2, 4], 3]], [4, [8, [8, 10], 6, 9]]] }
entry: Entry { index: 98, left: [[1, 9, 4, 7], [10, 6], [[10, []]], []], right: [[3, 8, [4, 7, [10, 4], [4, 9, 8], 4], [9, [8, 6, 6], [7, 2, 3]]], [9, 3, 1, [10, 9, []]], 3] }
entry: Entry { index: 99, left: [[[0, 9, 9]]], right: [[8, 3, [2, [6, 3, 5, 2, 0], 8, 9]], [[4, 10], [10, [6, 0, 4, 4, 8]], [[7, 9, 1, 0, 10], 8, [2, 9]], 1]] }
entry: Entry { index: 100, left: [[[7, [0, 0, 8, 6], 9, [10]], 4, [5]], [[[]], 2], [4, [9, 9, 7], [10, 3, 0, 1, 1]]], right: [[[6, 0, [0], [1, 1, 3, 6]], [[2], 1], [[2, 0, 7, 4, 9]], [[10, 1, 2, 1], [0]]], [1], []] }
entry: Entry { index: 101, left: [[[[5]], [[]], 3], 4, []], right: [[4, [10, 9, 5], 4, 10], [6, 5], [3, 5, [[9, 6, 0, 2], [6, 1, 8, 10, 0], 7, [4]], 7, 5], [2, [[10, 5, 3, 10, 3]], []]] }
entry: Entry { index: 102, left: [[9, [[1, 7]], []], 0, 6], right: [[5, 0, 10]] }
entry: Entry { index: 103, left: [[[[9, 6], [0, 4, 3], []]], [3, 2], [[9, 5, 6, 10], [8], []], 6], right: [[4, 9, 5, 8, 2], []] }
entry: Entry { index: 104, left: [[[7], 6, 10, [7, 9]], [1], [3, [[10]], 2, [8, 8], 5], []], right: [[]] }
entry: Entry { index: 105, left: [[2, 1, [[7, 5]], [3, 1, [7, 7, 0, 9], 7, 2]]], right: [[3, 9, [5], 4, 7]] }
entry: Entry { index: 106, left: [[[[10, 5, 5], 10, [6], 10], [10, 0, []], [9]], 7], right: [[3, []], 9, 5, 4] }
entry: Entry { index: 107, left: [[[[8]]]], right: [[5, 9], [[[8, 5, 10]], 6, []], 8] }
entry: Entry { index: 108, left: [[7, [3, 2, [1, 0], [4, 8, 7, 9, 10], 4], 10, [[1, 5, 6, 7], 9]], [5, [3, [1, 10, 5, 8, 1], []]]], right: [[[[3], [5, 2, 7, 6], [7], 2, [5]]]] }
entry: Entry { index: 109, left: [[[]], 4, [10, 1, [4, 4, 8], [5]], [10, 2, [9, 5, 6, 1, 10]]], right: [[4], []] }
entry: Entry { index: 110, left: [[3], [9, 2, [[3, 3]], []]], right: [[10, 5], [5, 2, [[5, 0], 10, [2], 6, 6], [7, 1], [7, []], [3], [7, 0]]] }
entry: Entry { index: 111, left: [[4, 10, 4], [1, [8, []]]], right: [[]] }
entry: Entry { index: 112, left: [], right: [[5], [1, 7, [[3, 7, 6, 5], [4, 6, 2]]]] }
entry: Entry { index: 113, left: [[[7]], [2, 5]], right: [[[0, 1, [8, 4, 8, 6], [5]], [5], []], 8, 8] }
entry: Entry { index: 114, left: [[]], right: [[3, 10]] }
entry: Entry { index: 115, left: [[[8, [2], 7], 2, 4, []]], right: [[[[6, 6, 0], [8], 5, [6, 6, 1], [10, 3]], 2, 5], [7, 9, [5, [2, 7, 5]], 10, 0], [10, 6], [2], [[[0, 5, 9, 5], 2, 0, 5, [8, 5, 5, 8]], [[6], 6, 7], []]] }
entry: Entry { index: 116, left: [[[[9, 0], [0, 9, 8], [4, 3, 8, 2]], 5, 2]], right: [[[[10], [7, 7, 6, 3], 4, [6, 1, 9, 2]], [3, 9, 2, 10], [[1, 4, 6, 2, 4]], 2], [[3, 3, [3, 2, 9, 10, 8], [6, 9, 2, 5]], 2, 0, 10], [[[10], [0, 2, 3, 10], [7, 9, 4], 10, 5]], []] }
entry: Entry { index: 117, left: [[[[0, 6, 8, 7, 4], 5, [1, 9, 6, 8], 7], 4, 7, [7, 9]], [[[7], [2], 8, 3], 4, 10, 1], [[8, [4, 8]]], [3, 6]], right: [[2, 1, 4, 2, 5], [[]], 2, 7, [[4, 10, 6, 5]], 1] }
entry: Entry { index: 118, left: [[[[4, 1, 8, 6, 4], 9, [0, 10, 7, 8, 5], 4], [[5, 7, 6, 5, 9], []], 10, [1, 5, 0], [3, 2, 4, 10]], 9, 7], right: [[]] }
entry: Entry { index: 119, left: [[[1, [3, 0], 4], [[7], [9, 4]], 7, 9, 1], [5, 7, [8, 2], [3, []]]], right: [[[[]], [0], 2, 1, 10], 5] }
entry: Entry { index: 120, left: [[6, [[3, 6, 7, 5], 9, [8, 2, 4], 4]], [7, [[1, 3, 2, 5, 6], [1, 7], 8], []], 10, 2], right: [[[[6, 5], [8, 3, 10, 3], 0], [[4, 4, 7], 6], 0, [5, 6, [7]]], [[[1, 8, 9, 2], 7, [9]], [2, [2]], 0, [6, 6], 0], [[[3, 3, 4, 2], [10, 8], [2], [9, 0]]]] }
entry: Entry { index: 121, left: [[10, [[6, 1, 2], []]], []], right: [[[]], 1, [7, 5, [7, 7]], [[7], [5, 1, 1, 8, 3], [7, 8]]] }
entry: Entry { index: 122, left: [[4], [[[8, 1, 0, 6], 5], 3], [9, 8, 9, [6, 5], [3, 8, [4]]]], right: [[6], [[9, []], []], 1] }
entry: Entry { index: 123, left: [[9, 7, [6], [10, [7], 6]], [2]], right: [[[10, []], 9, [10, 10], 9], [8, 1, []], 0, 5] }
entry: Entry { index: 124, left: [[[7, []], []]], right: [[10, [2, 0, 4, [7, 10], [5, 7]]], [9, [[3, 0, 0], 7, []], 10, 8]] }
entry: Entry { index: 125, left: [[6, 4], [[6, 6, 9, 4, [7, 8, 9]]], [[5, 7, 3, []]], [4, 5, 8]], right: [[]] }
entry: Entry { index: 126, left: [[10, 10], [[6, [3, 1, 7, 7, 1], [3, 3, 8, 5, 6]], [[6], 1], []], []], right: [[[5, 1], 4, 2, 3], [[[7, 10], 0, [2, 5, 8, 0, 0], 5, [4, 7, 4, 10]], 10], [8, 9]] }
entry: Entry { index: 127, left: [[[7, 2, 9]], [[[4, 9, 0, 7, 9], [6], 9, []], [8, 3]], [[1, 9, 9, 4, 9], [4, 8, 2, 0]], []], right: [[[[]]], 0, 6] }
entry: Entry { index: 128, left: [[[[2, 2, 4], 4, 10, 9, 3], [0, 5], 10, [[8, 7], [6, 8, 8, 1, 6], 6, [2, 0, 2, 2, 6], [5, 5, 9, 6, 5]], 8], [[[4, 9, 8, 10, 7], [0, 1], 9, 7], []], 9, [[1], 2, 9, 3, [7, 0, 1, 3, 5]], 3], right: [[5, 4, [[3, 3, 2, 6]], []], [[9], 10]] }
entry: Entry { index: 129, left: [[0, [[]], 2, [2, 5], 7, 8]], right: [[6, 3, 10, 0], [[8, 0, 2, [5, 1, 2]], []], [10, 6]] }
entry: Entry { index: 130, left: [[[[]], []], 0, 10, 6], right: [[1, 8, 6, 8], [[[9, 9, 4, 2], [3, 5, 10]], 6, 5, 9], [[3, 9, [6, 2, 4]], []], 6] }
entry: Entry { index: 131, left: [[9, [1, 7], 4, []]], right: [[9, 1], [[[7, 8], [0, 1, 1, 10], [7], 5, [4, 8, 9, 8, 9]], 0]] }
entry: Entry { index: 132, left: [[[]]], right: [[[]]] }
entry: Entry { index: 133, left: [[[[7, 10]]], [[[0, 0, 4, 3], [7, 8, 10]], [2]], []], right: [[]] }
entry: Entry { index: 134, left: [[4], [5, [[7, 8], [1, 1, 4], [3, 10, 9, 6], [9, 2, 0]]], [[]], 3, 8, 8], right: [[]] }
entry: Entry { index: 135, left: [[[]]], right: [[4, 9, 4, [[10, 1, 7, 6], 8]], [9]] }
entry: Entry { index: 136, left: [[]], right: [[[2, [4, 7, 2, 9, 9], 1, 4, [9, 2, 3, 10]], 4, [6, 10], [0, 8, 8, [6]]]] }
entry: Entry { index: 137, left: [[[]], 10], right: [[[[5, 10, 5, 9, 0]], 6, 4], [[[]], [1, 9], 3, 10, [5, 2, 6, 1]], []] }
entry: Entry { index: 138, left: [[5, [0, []]], [2, 8, 1], 9, 8], right: [[0], []] }
entry: Entry { index: 139, left: [[0, []], [[4, 4, 4, 2, 1]]], right: [[]] }
entry: Entry { index: 140, left: [[1], [[2, 4, []], 2, [3]], []], right: [[[9, [8]], 1, 6, 10, []]] }
entry: Entry { index: 141, left: [[[4], 6, 0], [[4], []], 2, [[2, 1], [2], [3], []], 7], right: [[[]], [[8], [6, 7], [2, 5]]] }
entry: Entry { index: 142, left: [[[1, [2], 8, 5, []]]], right: [[8, [[]]], [[3, 1, 9, 2], 3], [0], 10] }
entry: Entry { index: 143, left: [[[1, 1, [8, 5, 6, 5, 7]], [[10, 5], 6, [9, 2, 4, 6], [1, 8, 1, 1], 5], 0], [1, [[]], 8, 1], [[7, 2]], [6, 5, [6, 5, 0]]], right: [[5, 5, 6, 1], [[10, 8], 6, [[10, 8, 10]], [[9, 6, 9, 2, 4], 7, [1], [0, 2], []]], [7, 2]] }
entry: Entry { index: 144, left: [[[[1], [6, 3], [8, 1, 1, 10, 6], [2, 10, 5, 9, 3]], [[6, 0, 8, 9], [3, 1, 0, 4, 9], 10, 1, [9, 10, 2, 9]], 9, [4], [[8, 4, 8, 6, 4], 10, 7, 9]], [0, 7, 0]], right: [[3], [3]] }
entry: Entry { index: 145, left: [[4, 4, [3, 1, [8, 9], [4]], [[3, 2, 2, 5], 10, [0, 2, 4], 10, 2]], []], right: [[[]], [3, 2, [6, 6, 1, 6, 5]], 9, [4], 3] }
entry: Entry { index: 146, left: [[]], right: [[8, [2], []], []] }
entry: Entry { index: 147, left: [[[8, 0], 2, [[7, 1, 10, 1], [9, 9, 10, 4, 0], [10, 4, 8]]], [7, 0, [[1, 3, 2], 2, 1, [3, 9, 10, 1]], []], 3], right: [[3, [[7], 1, [1, 10], [8, 5, 8, 5]], 5, [[5, 8, 1], []], 6, 4, 6]] }
entry: Entry { index: 148, left: [[5]], right: [[[[8, 9], [5, 10, 8, 1], 2], [[2, 6], 6], 5], [1], []] }
entry: Entry { index: 149, left: [[[1, 2], 10, [[9], []], 5]], right: [[[3, 7, [8, 2, 5, 0]], [1], [[7, 10, 6, 5], [7, 4], 5, 9], 7, 4], [0, [1], 4]] }
entry: Entry { index: 150, left: [[[[3]], []], [[]], []], right: [[5, [[10, 2], [6, 4, 0, 2, 0], 9, 6, 3], []]] }
part1 : 5536
